% Problem 1.2

a = [31, 28, 31, 30, 31, 30, 31, 31, 30, 31, 30, 31]';
b = [31, 29, 31, 30, 31, 30, 31, 31, 30, 31, 30, 31]';
C = [a, b];
C